Big Dipper
7
120315 116656
116656 112185
112185 106591
106591 103287
103287 95418
95418 95689
106591 95689
Bootes
18
124897 129175
129988 124897
129988 129175
121370 124897
121370 120477
120477 120136
133208 135722
135722 137392
135722 129988
133208 137392
127762 133208
129988 128167
128167 127665
127665 127762
126660 124675
126660 125162
124675 125162
125162 127762
Cas
8
11415 8538
8538 5394
5394 3712
3712 432
5394 2905
2905 15089
3712 3360
3360 6961
Cyg
15
187796 183912
188947 187796
194093 188947
197345 194093
186882 194093
194093 197989
186882 181276
181276 184006
184006 197345
197989 202109
202109 199629
199629 197345
197345 200905
199629 202850
202850 202444
Gemini
15
62509 60522
60522 62345
60522 58207
60522 56986
56986 56537
56986 52973
52973 47105
56537 48737
58946 60178
54719 58946
54719 58207
54719 50019
48329 54719
44478 48329
42995 44478
Hydra
19
76294 74280
74280 73471
73471 73262
73262 74874
74874 76294
79469 76294
83618 79469
81797 83618
85444 81797
87504 85444
88284 87504
90432 88284
93813 90432
81797 93813
103192 81797
100407 103192
103192 100407
115659 103192
123123 115659
Ursa Major
16
120315 116656
116656 112185
112185 106591
106591 103287
103287 95418
95418 95689
106591 95689
95689 71369
85235 84999
85235 89021
71369 76644
77327 89758
89758 98262
96833 98262
102224 96833
102224 120315
Ursa Minor
7
8890 166205
166205 153751
153751 142105
142105 131873
131873 137422
137422 148048
148048 142105
