293.66 0  1
366.99 0  1
220    1  1
329.36 1  1
246.94 2  1
293.66 2  1
185    3  1
277.18 3  1
196    4  1
246.94 4  1
146.83 5  1
220    5  1
196    6  1
246.94 6  1
220    7  1
277.18 7  1
293.66 8  1
293.66 8  1
220    9  1
277.18 9  1
246.94 10 1
246.94 10 1
185    11 1
220    11 1
196    12 1
196    12 1
146.83 13 1
185    13 1
196    14 1
196    14 1
220    15 1
164.81 15 1
293.66 16    1
146.83 16   0.5
185    16.5 0.5
220    17   1
220    17   0.5
196    17.5 0.5
246.94 18   1
185    18   0.5
146.83 18.5 0.5
185    19   1
185    19   0.5
164.81 19.5 0.5
196    20   1
146.83 20   0.5
123.47 20.5 0.5
146.83 21   1
146.83 21   0.5
220    21.5 0.5
196    22   1
196    22   0.5
246.94 22.5 0.5
220    23   1
220    23   0.5
196    23.5  0.5
293.66 24   1
185    24   0.5
146.83 24.5 0.5
220    25   1
164.81 25   0.5
277.18 25.5 0.5
246.94 26   1
293.66 26   0.5
369.99 26.5 0.5
185    27   1
440    27   0.5
220    27.5 0.5
196    28   1
246.94 28   0.5
196    28.5 0.5
146.83 29   1
220    29   0.5
185    29.5 0.5
196    30   1
146.83 30   0.5
293.66 30.5 0.5
220    31   1
293.66 31   0.75
277.18 31.75 0.25
